1	170
1	172
1	195
1	264
1	470
1	488
1	570
1	815
1	905
1	998
2	91
2	145
2	206
2	406
2	418
2	426
2	463
2	486
2	566
2	674
3	157
3	176
3	296
3	363
3	521
3	589
3	700
3	720
3	804
3	968
4	30
4	41
4	202
4	293
4	380
4	459
4	632
4	764
4	809
4	940
5	129
5	183
5	207
5	220
5	348
5	375
5	559
5	563
5	608
5	1000
6	115
6	122
6	147
6	172
6	178
6	324
6	354
6	452
6	914
6	995
7	29
7	202
7	278
7	283
7	330
7	607
7	725
7	864
7	961
7	998
8	111
8	260
8	307
8	369
8	428
8	439
8	496
8	795
8	842
8	921
9	44
9	88
9	135
9	242
9	380
9	516
9	543
9	551
9	642
9	810
10	224
10	265
10	467
10	477
10	523
10	536
10	568
10	609
10	733
10	897
11	58
11	99
11	104
11	144
11	222
11	228
11	267
11	554
11	629
11	896
12	77
12	108
12	319
12	450
12	512
12	617
12	627
12	699
12	749
12	758
13	25
13	260
13	291
13	501
13	512
13	524
13	562
13	572
13	758
13	950
14	156
14	216
14	466
14	511
14	519
14	703
14	807
14	814
14	921
14	950
15	23
15	39
15	87
15	90
15	159
15	367
15	373
15	447
15	461
15	965
16	149
16	405
16	438
16	457
16	546
16	726
16	771
16	825
16	941
16	949
17	69
17	179
17	219
17	374
17	475
17	608
17	690
17	793
17	880
17	943
18	32
18	139
18	275
18	367
18	630
18	741
18	782
18	847
18	868
18	890
19	108
19	404
19	450
19	496
19	511
19	512
19	597
19	650
19	733
19	842
20	53
20	90
20	205
20	320
20	384
20	417
20	500
20	625
20	662
20	772
21	51
21	169
21	194
21	252
21	314
21	328
21	382
21	671
21	742
21	781
22	33
22	342
22	383
22	407
22	490
22	774
22	839
22	848
22	932
22	973
23	15
23	249
23	579
23	752
23	782
23	843
23	942
23	945
23	957
23	965
24	39
24	282
24	420
24	626
24	667
24	705
24	722
24	789
24	924
24	953
25	13
25	61
25	113
25	433
25	456
25	530
25	562
25	821
25	879
25	989
26	73
26	147
26	245
26	432
26	470
26	640
26	779
26	857
26	863
26	991
27	41
27	64
27	497
27	551
27	590
27	670
27	742
27	809
27	854
27	935
28	105
28	145
28	151
28	211
28	343
28	396
28	530
28	767
28	778
28	988
29	7
29	264
29	318
29	568
29	664
29	749
29	770
29	800
29	917
29	975
30	4
30	88
30	118
30	265
30	360
30	515
30	616
30	621
30	731
30	733
31	59
31	72
31	626
31	639
31	646
31	667
31	789
31	794
31	797
31	987
32	18
32	87
32	372
32	438
32	505
32	573
32	688
32	710
32	738
32	843
33	22
33	76
33	291
33	340
33	345
33	526
33	535
33	833
33	839
33	924
34	86
34	137
34	177
34	309
34	535
34	622
34	626
34	667
34	839
34	981
35	66
35	97
35	123
35	161
35	353
35	479
35	698
35	844
35	858
35	993
36	198
36	213
36	307
36	349
36	376
36	468
36	471
36	627
36	639
36	938
37	44
37	202
37	484
37	509
37	677
37	689
37	731
37	781
37	935
37	990
38	136
38	147
38	163
38	179
38	444
38	633
38	790
38	816
38	955
38	984
39	15
39	24
39	100
39	296
39	400
39	645
39	654
39	688
39	884
39	957
40	45
40	58
40	128
40	167
40	185
40	246
40	322
40	640
40	831
40	969
41	4
41	27
41	188
41	536
41	569
41	632
41	679
41	781
41	837
41	998
42	66
42	81
42	161
42	286
42	469
42	502
42	760
42	785
42	911
42	916
43	121
43	247
43	251
43	256
43	270
43	776
43	914
43	963
43	968
43	972
44	9
44	37
44	88
44	169
44	188
44	194
44	277
44	592
44	809
44	897
45	40
45	103
45	117
45	153
45	185
45	218
45	241
45	294
45	742
45	867
46	165
46	204
46	458
46	479
46	657
46	716
46	785
46	830
46	902
46	946
47	236
47	382
47	532
47	549
47	592
47	729
47	781
47	834
47	870
47	976
48	162
48	240
48	289
48	432
48	570
48	586
48	608
48	779
48	857
48	975
49	177
49	309
49	310
49	383
49	462
49	525
49	617
49	641
49	789
49	956
50	231
50	238
50	365
50	449
50	611
50	772
50	899
50	927
50	947
50	994
51	21
51	95
51	143
51	285
51	360
51	380
51	497
51	658
51	810
51	882
52	62
52	212
52	213
52	243
52	519
52	605
52	606
52	704
52	754
52	758
53	20
53	107
53	317
53	500
53	625
53	752
53	786
53	919
53	934
53	994
54	100
54	116
54	133
54	138
54	506
54	574
54	630
54	645
54	677
54	937
55	100
55	128
55	218
55	401
55	421
55	553
55	575
55	709
55	762
55	944
56	352
56	367
56	372
56	373
56	645
56	688
56	730
56	847
56	868
56	942
57	389
57	482
57	517
57	539
57	656
57	674
57	811
57	926
57	960
57	985
58	11
58	40
58	119
58	123
58	167
58	228
58	241
58	308
58	322
58	419
59	31
59	268
59	387
59	388
59	399
59	408
59	526
59	565
59	672
59	692
60	139
60	304
60	630
60	662
60	756
60	843
60	874
60	890
60	945
60	957
61	25
61	150
61	468
61	539
61	562
61	627
61	707
61	849
61	950
61	989
62	52
62	160
62	291
62	371
62	471
62	512
62	656
62	712
62	745
62	799
63	323
63	375
63	386
63	457
63	510
63	529
63	559
63	711
63	802
63	943
64	27
64	168
64	288
64	344
64	376
64	539
64	597
64	699
64	795
64	849
65	97
65	136
65	248
65	283
65	432
65	436
65	661
65	665
65	768
65	857
66	35
66	42
66	426
66	458
66	614
66	621
66	736
66	769
66	844
66	932
67	214
67	231
67	290
67	365
67	435
67	805
67	829
67	943
67	994
67	996
68	163
68	195
68	503
68	518
68	556
68	650
68	665
68	892
68	917
68	925
69	17
69	84
69	127
69	179
69	292
69	386
69	414
69	415
69	759
69	793
70	282
70	425
70	434
70	727
70	763
70	848
70	876
70	895
70	968
70	977
71	194
71	480
71	601
71	644
71	678
71	686
71	747
71	835
71	907
71	935
72	31
72	313
72	340
72	442
72	565
72	680
72	757
72	782
72	789
72	792
73	26
73	112
73	182
73	437
73	488
73	538
73	681
73	800
73	906
73	975
74	155
74	170
74	305
74	398
74	413
74	759
74	791
74	815
74	892
74	984
75	259
75	321
75	341
75	467
75	588
75	729
75	743
75	791
75	870
75	906
76	33
76	282
76	420
76	507
76	673
76	777
76	789
76	824
76	833
76	899
77	12
77	134
77	428
77	496
77	519
77	605
77	699
77	754
77	796
77	911
78	212
78	320
78	344
78	369
78	376
78	496
78	572
78	597
78	754
78	879
79	86
79	114
79	217
79	259
79	279
79	434
79	613
79	873
79	915
79	953
80	149
80	348
80	386
80	430
80	734
80	793
80	841
80	861
80	876
80	901
81	42
81	97
81	203
81	223
81	353
81	533
81	567
81	614
81	698
81	946
82	184
82	358
82	391
82	485
82	542
82	862
82	881
82	893
82	927
82	929
83	101
83	131
83	182
83	407
83	455
83	518
83	647
83	681
83	863
83	892
84	69
84	126
84	127
84	207
84	226
84	301
84	559
84	719
84	771
84	941
85	154
85	161
85	254
85	297
85	398
85	582
85	621
85	643
85	931
85	976
86	34
86	79
86	114
86	143
86	347
86	383
86	560
86	774
86	794
86	891
87	15
87	32
87	180
87	339
87	447
87	546
87	641
87	883
87	942
87	965
88	9
88	30
88	44
88	278
88	439
88	492
88	534
88	601
88	781
88	798
89	168
89	187
89	319
89	450
89	496
89	650
89	744
89	754
89	913
89	962
90	15
90	20
90	205
90	276
90	281
90	721
90	723
90	899
90	928
90	947
91	2
91	227
91	338
91	372
91	381
91	389
91	634
91	691
91	767
91	927
92	208
92	256
92	284
92	374
92	564
92	683
92	720
92	780
92	838
92	999
93	226
93	323
93	459
93	528
93	559
93	563
93	719
93	726
93	826
93	861
94	229
94	367
94	630
94	688
94	730
94	738
94	782
94	883
94	890
94	942
95	51
95	110
95	138
95	275
95	296
95	400
95	445
95	630
95	732
95	937
96	157
96	174
96	225
96	247
96	257
96	374
96	377
96	647
96	918
96	968
97	35
97	65
97	81
97	286
97	297
97	356
97	624
97	698
97	785
97	844
98	156
98	265
98	590
98	592
98	632
98	637
98	644
98	852
98	882
98	897
99	11
99	285
99	337
99	534
99	584
99	637
99	644
99	753
99	852
99	854
100	39
100	54
100	55
100	110
100	146
100	159
100	249
100	400
100	710
100	883
101	83
101	140
101	278
101	568
101	601
101	607
101	768
101	773
101	892
101	917
102	267
102	268
102	282
102	525
102	727
102	737
102	739
102	755
102	777
102	903
103	45
103	153
103	186
103	218
103	308
103	357
103	366
103	429
103	652
103	771
104	11
104	119
104	277
104	308
104	311
104	336
104	366
104	583
104	709
104	754
105	28
105	125
105	145
105	184
105	209
105	481
105	482
105	634
105	731
105	929
106	121
106	178
106	263
106	284
106	316
106	364
106	451
106	579
106	961
106	972
107	53
107	255
107	281
107	332
107	682
107	718
107	723
107	775
107	934
107	994
108	12
108	19
108	113
108	168
108	307
108	369
108	483
108	707
108	946
108	950
109	117
109	144
109	357
109	441
109	554
109	794
109	819
109	867
109	896
109	902
110	95
110	100
110	138
110	339
110	400
110	585
110	600
110	688
110	756
110	782
111	8
111	201
111	253
111	260
111	431
111	466
111	496
111	506
111	605
111	627
112	73
112	221
112	248
112	488
112	503
112	702
112	744
112	813
112	922
112	929
113	25
113	108
113	124
113	156
113	188
113	260
113	369
113	466
113	594
113	921
114	79
114	86
114	309
114	420
114	535
114	571
114	617
114	673
114	739
114	973
115	6
115	162
115	316
115	324
115	364
115	452
115	577
115	578
115	589
115	606
116	54
116	139
116	419
116	445
116	506
116	610
116	756
116	847
116	884
116	930
117	45
117	109
117	234
117	277
117	376
117	465
117	554
117	728
117	831
117	846
118	30
118	484
118	499
118	517
118	547
118	638
118	686
118	747
118	753
118	870
119	58
119	104
119	159
119	228
119	234
119	294
119	514
119	678
119	728
119	987
120	162
120	358
120	398
120	453
120	538
120	631
120	770
120	866
120	898
120	955
121	43
121	106
121	150
121	175
121	478
121	613
121	659
121	695
121	804
121	893
122	6
122	166
122	181
122	208
122	233
122	256
122	300
122	316
122	451
122	893
123	35
123	58
123	148
123	294
123	308
123	357
123	366
123	583
123	587
123	969
124	113
124	213
124	260
124	462
124	468
124	471
124	519
124	712
124	780
124	938
125	105
125	230
125	271
125	335
125	517
125	522
125	610
125	628
125	690
125	746
126	84
126	290
126	317
126	320
126	332
126	435
126	527
126	721
126	919
126	979
127	69
127	84
127	226
127	340
127	351
127	608
127	694
127	872
127	880
127	901
128	40
128	55
128	167
128	322
128	401
128	587
128	678
128	686
128	787
128	969
129	5
129	306
129	326
129	330
129	664
129	765
129	779
129	806
129	886
129	892
130	194
130	284
130	337
130	359
130	484
130	537
130	729
130	894
130	907
130	997
131	83
131	258
131	318
131	330
131	413
131	552
131	687
131	693
131	725
131	795
132	173
132	175
132	266
132	283
132	444
132	570
132	603
132	687
132	898
132	980
133	54
133	139
133	296
133	304
133	400
133	419
133	649
133	662
133	751
133	815
134	77
134	319
134	402
134	404
134	428
134	450
134	703
134	704
134	754
134	879
135	9
135	298
135	312
135	511
135	531
135	536
135	537
135	638
135	644
135	733
136	38
136	65
136	174
136	195
136	295
136	503
136	568
136	886
136	980
136	983
137	34
137	256
137	340
137	399
137	526
137	692
137	705
137	824
137	845
137	895
138	54
138	95
138	110
138	196
138	461
138	520
138	620
138	732
138	752
138	942
139	18
139	60
139	116
139	133
139	159
139	249
139	339
139	419
139	447
139	934
140	101
140	173
140	278
140	331
140	470
140	603
140	687
140	800
140	917
140	931
141	152
141	157
141	225
141	257
141	284
141	300
141	408
141	578
141	689
141	855
142	147
142	173
142	578
142	633
142	661
142	744
142	790
142	800
142	874
142	955
143	51
143	86
143	382
143	402
143	410
143	493
143	551
143	897
143	940
143	970
144	11
144	109
144	277
144	421
144	429
144	479
144	762
144	867
144	885
144	933
145	2
145	28
145	105
145	215
145	358
145	373
145	396
145	487
145	881
145	991
146	100
146	180
146	316
146	373
146	438
146	574
146	600
146	620
146	782
146	883
147	6
147	26
147	38
147	142
147	283
147	287
147	427
147	552
147	556
147	886
148	123
148	186
148	294
148	308
148	385
148	411
148	424
148	478
148	587
148	875
149	16
149	80
149	187
149	351
149	430
149	510
149	546
149	793
149	832
149	943
150	61
150	121
150	490
150	578
150	589
150	615
150	683
150	689
150	720
150	995
151	28
151	206
151	209
151	352
151	410
151	622
151	628
151	823
151	862
151	964
152	141
152	175
152	257
152	354
152	355
152	390
152	478
152	521
152	717
152	952
153	45
153	103
153	222
153	246
153	465
153	587
153	867
153	902
153	955
153	987
154	85
154	299
154	596
154	621
154	657
154	708
154	736
154	760
154	818
154	844
155	74
155	331
155	427
155	453
155	503
155	607
155	813
155	823
155	866
155	892
156	14
156	98
156	113
156	160
156	168
156	243
156	379
156	801
156	853
156	938
157	3
157	96
157	141
157	166
157	225
157	325
157	460
157	578
157	700
157	808
158	179
158	199
158	219
158	430
158	457
158	608
158	711
158	726
158	739
158	825
159	15
159	100
159	119
159	139
159	275
159	373
159	438
159	738
159	752
159	948
160	62
160	156
160	344
160	471
160	594
160	696
160	749
160	758
160	921
160	962
161	35
161	42
161	85
161	254
161	520
161	716
161	838
161	858
161	887
161	993
162	48
162	115
162	120
162	233
162	315
162	397
162	453
162	488
162	604
162	998
163	38
163	68
163	278
163	604
163	631
163	783
163	815
163	836
163	972
163	983
164	375
164	544
164	750
164	771
164	825
164	832
164	850
164	861
164	878
164	880
165	46
165	286
165	329
165	426
165	576
165	643
165	666
165	785
165	830
165	858
166	122
166	157
166	175
166	316
166	324
166	615
166	766
166	838
166	886
166	999
167	40
167	58
167	128
167	262
167	322
167	514
167	583
167	930
167	944
167	966
168	64
168	89
168	108
168	156
168	288
168	483
168	653
168	842
168	913
168	989
169	21
169	44
169	359
169	516
169	532
169	543
169	636
169	812
169	904
169	913
170	1
170	74
170	245
170	314
170	346
170	437
170	687
170	770
170	791
170	981
171	293
171	302
171	360
171	409
171	439
171	515
171	870
171	877
171	882
171	997
172	1
172	6
172	354
172	490
172	615
172	653
172	766
172	776
172	804
172	999
173	132
173	140
173	142
173	221
173	544
173	687
173	768
173	837
173	859
173	863
174	96
174	136
174	178
174	284
174	478
174	684
174	766
174	914
174	986
174	995
175	121
175	132
175	152
175	166
175	208
175	256
175	284
175	364
175	683
175	893
176	3
176	208
176	225
176	251
176	355
176	451
176	521
176	577
176	635
176	828
177	34
177	49
177	210
177	368
177	390
177	408
177	623
177	660
177	663
177	924
178	6
178	106
178	174
178	324
178	377
178	458
178	615
178	700
178	914
178	995
179	17
179	38
179	69
179	158
179	220
179	351
179	510
179	529
179	540
179	711
180	87
180	146
180	296
180	326
180	367
180	373
180	400
180	447
180	574
180	620
181	122
181	257
181	403
181	478
181	589
181	653
181	695
181	766
181	828
181	918
182	73
182	83
182	239
182	278
182	363
182	470
182	693
182	864
182	975
182	998
183	5
183	199
183	207
183	220
183	348
183	415
183	540
183	559
183	750
183	797
184	82
184	105
184	250
184	358
184	463
184	481
184	517
184	522
184	566
184	927
185	40
185	45
185	336
185	368
185	411
185	424
185	494
185	553
185	652
185	944
186	103
186	148
186	234
186	385
186	401
186	777
186	787
186	819
186	846
186	902
187	89
187	149
187	198
187	291
187	501
187	511
187	597
187	619
187	853
187	913
188	41
188	44
188	113
188	327
188	341
188	439
188	516
188	534
188	638
188	670
189	239
189	346
189	453
189	604
189	725
189	773
189	783
189	787
189	952
189	967
190	345
190	528
190	565
190	583
190	673
190	715
190	737
190	757
190	833
190	924
191	324
191	355
191	374
191	577
191	579
191	606
191	776
191	855
191	907
191	974
192	197
192	309
192	318
192	342
192	442
192	663
192	737
192	873
192	915
192	953
193	244
193	271
193	333
193	378
193	418
193	513
193	573
193	618
193	655
193	751
194	21
194	44
194	71
194	130
194	242
194	484
194	492
194	616
194	770
194	852
195	1
195	68
195	136
195	239
195	305
195	315
195	470
195	586
195	825
195	871
196	138
196	461
196	611
196	612
196	630
196	730
196	782
196	847
196	865
196	884
197	192
197	407
197	462
197	495
197	623
197	660
197	685
197	722
197	820
197	971
198	36
198	187
198	260
198	431
198	508
198	599
198	624
198	853
198	879
198	938
199	158
199	183
199	276
199	405
199	459
199	529
199	759
199	878
199	900
199	901
200	299
200	391
200	486
200	573
200	655
200	767
200	811
200	820
200	840
200	869
201	111
201	379
201	519
201	592
201	701
201	712
201	749
201	758
201	799
201	849
202	4
202	7
202	37
202	285
202	321
202	423
202	516
202	609
202	803
202	970
203	81
203	312
203	337
203	394
203	537
203	632
203	658
203	808
203	837
203	997
204	46
204	211
204	297
204	302
204	621
204	716
204	830
204	908
204	916
204	931
205	20
205	90
205	214
205	229
205	339
205	675
205	723
205	829
205	909
205	951
206	2
206	151
206	303
206	486
206	618
206	651
206	776
206	823
206	862
206	926
207	5
207	84
207	183
207	261
207	375
207	401
207	510
207	596
207	872
207	956
208	92
208	122
208	175
208	176
208	251
208	579
208	717
208	858
208	914
208	995
209	105
209	151
209	211
209	333
209	396
209	548
209	618
209	628
209	656
209	674
210	177
210	383
210	408
210	522
210	528
210	598
210	646
210	685
210	755
210	763
211	28
211	204
211	209
211	235
211	381
211	391
211	440
211	482
211	740
211	985
212	52
212	78
212	379
212	428
212	471
212	511
212	512
212	769
212	780
212	799
213	36
213	52
213	124
213	379
213	404
213	456
213	480
213	558
213	801
213	989
214	67
214	205
214	290
214	417
214	449
214	593
214	718
214	841
214	909
214	928
215	145
215	275
215	440
215	487
215	522
215	555
215	591
215	820
215	862
215	869
216	14
216	252
216	312
216	493
216	531
216	602
216	609
216	670
216	735
216	837
217	79
217	310
217	407
217	461
217	580
217	617
217	685
217	845
217	895
217	981
218	45
218	55
218	103
218	421
218	550
218	709
218	728
218	819
218	944
218	971
219	17
219	158
219	351
219	540
219	563
219	711
219	900
219	914
219	943
219	956
220	5
220	179
220	183
220	375
220	596
220	683
220	690
220	719
220	850
220	861
221	112
221	173
221	329
221	431
221	444
221	489
221	640
221	864
221	905
221	961
222	11
222	153
222	267
222	401
222	411
222	473
222	550
222	553
222	554
222	574
223	81
223	356
223	469
223	520
223	614
223	693
223	708
223	716
223	830
223	908
224	10
224	410
224	414
224	493
224	584
224	735
224	803
224	808
224	834
224	907
225	96
225	141
225	157
225	176
225	355
225	363
225	440
225	659
225	700
225	920
226	84
226	93
226	127
226	301
226	351
226	454
226	457
226	734
226	841
226	878
227	91
227	343
227	406
227	488
227	573
227	610
227	622
227	840
227	912
227	964
228	11
228	58
228	119
228	262
228	387
228	411
228	554
228	787
228	819
228	854
229	94
229	205
229	276
229	317
229	332
229	362
229	675
229	899
229	919
229	934
230	125
230	463
230	485
230	486
230	487
230	610
230	615
230	778
230	862
230	869
231	50
231	67
231	276
231	320
231	362
231	443
231	500
231	951
231	980
231	982
232	238
232	360
232	402
232	439
232	480
232	537
232	632
232	764
232	882
232	978
233	122
233	162
233	264
233	437
233	489
233	570
233	744
233	866
233	886
233	983
234	117
234	119
234	186
234	262
234	441
234	587
234	697
234	819
234	902
234	944
235	211
235	358
235	464
235	517
235	557
235	566
235	656
235	674
235	762
235	823
236	47
236	237
236	382
236	492
236	493
236	524
236	599
236	877
236	888
236	940
237	236
237	285
237	298
237	493
237	540
237	632
237	636
237	644
237	835
237	870
238	50
238	232
238	281
238	290
238	317
238	417
238	585
238	805
238	899
238	996
239	182
239	189
239	195
239	266
239	432
239	614
239	640
239	693
239	816
239	925
240	48
240	245
240	306
240	326
240	427
240	488
240	538
240	675
240	681
240	768
241	45
241	58
241	322
241	360
241	387
241	494
241	550
241	587
241	867
241	885
242	9
242	194
242	327
242	492
242	543
242	588
242	616
242	619
242	679
242	735
243	52
243	156
243	428
243	456
243	511
243	519
243	635
243	799
243	829
243	938
244	193
244	378
244	381
244	416
244	691
244	714
244	778
244	909
244	926
244	964
245	26
245	170
245	240
245	314
245	464
245	570
245	633
245	773
245	779
245	905
246	40
246	153
246	277
246	308
246	311
246	350
246	504
246	663
246	875
246	987
247	43
247	96
247	256
247	284
247	451
247	564
247	653
247	699
247	838
247	968
248	65
248	112
248	330
248	472
248	502
248	552
248	693
248	773
248	810
248	983
249	23
249	100
249	139
249	254
249	275
249	296
249	506
249	600
249	649
249	992
250	184
250	378
250	394
250	396
250	403
250	517
250	573
250	618
250	691
250	862
251	43
251	176
251	208
251	295
251	316
251	460
251	659
251	684
251	697
251	986
252	21
252	216
252	328
252	410
252	446
252	457
252	497
252	537
252	595
252	870
253	111
253	404
253	483
253	501
253	558
253	582
253	599
253	703
253	704
253	712
254	85
254	161
254	249
254	302
254	479
254	545
254	576
254	621
254	887
254	931
255	107
255	290
255	320
255	500
255	527
255	585
255	894
255	899
255	934
255	996
256	43
256	92
256	122
256	137
256	175
256	247
256	364
256	451
256	689
256	720
257	96
257	141
257	152
257	181
257	325
257	615
257	644
257	914
257	959
257	974
258	131
258	318
258	412
258	489
258	518
258	544
258	647
258	693
258	790
258	945
259	75
259	79
259	549
259	644
259	670
259	676
259	810
259	835
259	870
259	970
260	8
260	13
260	111
260	113
260	124
260	198
260	404
260	619
260	756
260	796
261	207
261	272
261	323
261	386
261	415
261	495
261	726
261	734
261	826
261	900
262	167
262	228
262	234
262	267
262	421
262	422
262	550
262	658
262	846
262	860
263	106
263	354
263	355
263	606
263	717
263	737
263	893
263	959
263	963
263	986
264	1
264	29
264	233
264	466
264	489
264	744
264	952
264	967
264	975
264	980
265	10
265	30
265	98
265	477
265	532
265	536
265	590
265	671
265	806
265	897
266	132
266	239
266	283
266	397
266	427
266	437
266	523
266	568
266	770
266	857
267	11
267	102
267	222
267	262
267	336
267	441
267	473
267	629
267	933
267	987
268	59
268	102
268	301
268	313
268	434
268	648
268	706
268	727
268	774
268	802
269	270
269	282
269	420
269	433
269	449
269	548
269	660
269	672
269	673
269	789
270	43
270	269
270	368
270	383
270	399
270	639
270	660
270	737
270	757
270	924
271	125
271	193
271	381
271	440
271	463
271	481
271	513
271	517
271	851
271	975
272	261
272	323
272	393
272	414
272	430
272	457
272	513
272	642
272	826
272	841
273	312
273	395
273	569
273	632
273	671
273	686
273	743
273	809
273	978
273	982
274	328
274	361
274	446
274	499
274	532
274	623
274	742
274	803
274	810
274	856
275	18
275	95
275	159
275	215
275	249
275	372
275	392
275	620
275	630
275	957
276	90
276	199
276	229
276	231
276	320
276	365
276	384
276	500
276	721
276	899
277	44
277	104
277	117
277	144
277	246
277	401
277	473
277	860
277	896
277	966
278	7
278	88
278	101
278	140
278	163
278	182
278	330
278	779
278	788
278	898
279	79
279	491
279	535
279	557
279	613
279	641
279	673
279	685
279	727
279	971
280	293
280	361
280	380
280	382
280	484
280	515
280	572
280	747
280	803
280	835
281	90
281	107
281	238
281	443
281	487
281	500
281	593
281	775
281	786
281	909
282	24
282	70
282	76
282	102
282	269
282	565
282	639
282	680
282	706
282	710
283	7
283	65
283	132
283	147
283	266
283	318
283	453
283	544
283	587
283	922
284	92
284	106
284	130
284	141
284	174
284	175
284	247
284	478
284	684
284	689
285	51
285	99
285	202
285	237
285	359
285	477
285	507
285	547
285	764
285	997
286	42
286	97
286	165
286	297
286	576
286	582
286	730
286	830
286	908
286	911
287	147
287	472
287	474
287	667
287	768
287	791
287	859
287	863
287	961
287	998
288	64
288	168
288	501
288	508
288	707
288	780
288	818
288	849
288	950
288	989
289	48
289	412
289	427
289	444
289	455
289	502
289	515
289	917
289	925
289	975
290	67
290	126
290	214
290	238
290	255
290	362
290	443
290	496
290	675
290	682
291	13
291	33
291	62
291	187
291	530
291	572
291	597
291	619
291	795
291	814
292	69
292	370
292	495
292	580
292	598
292	672
292	673
292	706
292	763
292	797
293	4
293	171
293	280
293	312
293	356
293	359
293	477
293	549
293	677
293	742
294	45
294	119
294	123
294	148
294	311
294	322
294	446
294	494
294	514
294	933
295	136
295	251
295	436
295	633
295	681
295	702
295	765
295	773
295	800
295	815
296	3
296	39
296	95
296	133
296	180
296	249
296	654
296	662
296	761
296	884
297	85
297	97
297	204
297	286
297	334
297	564
297	614
297	708
297	887
297	976
298	135
298	237
298	361
298	526
298	616
298	731
298	803
298	808
298	834
298	888
299	154
299	200
299	353
299	356
299	426
299	458
299	469
299	533
299	567
299	716
300	122
300	141
300	325
300	374
300	460
300	521
300	577
300	653
300	717
300	798
301	84
301	226
301	268
301	393
301	414
301	459
301	529
301	546
301	878
301	900
302	171
302	204
302	254
302	533
302	614
302	716
302	785
302	844
302	911
302	954
303	206
303	346
303	403
303	482
303	573
303	622
303	820
303	929
303	936
303	991
304	60
304	133
304	392
304	445
304	450
304	574
304	612
304	865
304	948
304	992
305	74
305	195
305	306
305	395
305	448
305	502
305	544
305	586
305	898
305	983
306	129
306	240
306	305
306	329
306	570
306	791
306	852
306	864
306	886
306	925
307	8
307	36
307	108
307	349
307	492
307	496
307	599
307	699
307	754
307	807
308	58
308	103
308	104
308	123
308	148
308	246
308	322
308	324
308	762
308	966
309	34
309	49
309	114
309	192
309	424
309	561
309	598
309	646
309	833
309	845
310	49
310	217
310	433
310	560
310	667
310	698
310	705
310	706
310	833
310	977
311	104
311	246
311	294
311	424
311	441
311	504
311	567
311	629
311	709
311	885
312	135
312	203
312	216
312	273
312	293
312	543
312	616
312	658
312	660
312	743
313	72
313	268
313	345
313	407
313	462
313	507
313	722
313	797
313	890
313	981
314	21
314	170
314	245
314	436
314	503
314	518
314	544
314	586
314	665
314	864
315	162
315	195
315	397
315	432
315	489
315	538
315	605
315	788
315	816
315	905
316	106
316	115
316	122
316	146
316	166
316	251
316	451
316	589
316	653
316	828
317	53
317	126
317	229
317	238
317	417
317	625
317	672
317	786
317	829
317	979
318	29
318	131
318	192
318	258
318	283
318	397
318	413
318	813
318	892
318	898
319	12
319	89
319	134
319	322
319	431
319	572
319	635
319	701
319	784
319	807
320	20
320	78
320	126
320	231
320	255
320	276
320	362
320	527
320	775
320	947
321	75
321	202
321	361
321	516
321	532
321	569
321	725
321	733
321	812
321	970
322	40
322	58
322	128
322	167
322	241
322	294
322	308
322	319
322	366
322	441
323	63
323	93
323	261
323	272
323	405
323	415
323	430
323	510
323	734
323	997
324	6
324	115
324	166
324	178
324	191
324	308
324	659
324	720
324	804
324	995
325	157
325	257
325	300
325	355
325	478
325	659
325	695
325	697
325	881
325	986
326	129
326	180
326	240
326	436
326	437
326	472
326	474
326	604
326	631
326	961
327	188
327	242
327	382
327	423
327	477
327	509
327	543
327	584
327	595
327	757
328	21
328	252
328	274
328	446
328	523
328	686
328	810
328	834
328	895
328	939
329	165
329	221
329	306
329	346
329	472
329	544
329	765
329	790
329	813
329	816
330	7
330	129
330	131
330	248
330	278
330	432
330	790
330	832
330	871
330	905
331	140
331	155
331	489
331	640
331	665
331	722
331	836
331	922
331	925
331	984
332	107
332	126
332	229
332	365
332	384
332	611
332	682
332	723
332	829
332	936
333	193
333	209
333	517
333	573
333	626
333	746
333	778
333	881
333	926
333	936
334	297
334	624
334	681
334	818
334	830
334	908
334	916
334	931
334	946
334	954
335	125
335	416
335	542
335	714
335	741
335	767
335	800
335	851
335	929
335	988
336	104
336	185
336	267
336	401
336	422
336	553
336	629
336	775
336	860
336	987
337	99
337	130
337	203
337	423
337	636
337	644
337	939
337	958
337	962
337	990
338	91
338	464
338	577
338	651
338	674
338	691
338	746
338	936
338	985
338	988
339	87
339	110
339	139
339	205
339	574
339	600
339	756
339	868
339	884
339	937
340	33
340	72
340	127
340	137
340	368
340	425
340	442
340	495
340	613
340	971
341	75
341	188
341	394
341	409
341	524
341	549
341	571
341	581
341	808
341	878
342	22
342	192
342	548
342	623
342	794
342	797
342	824
342	845
342	873
342	988
343	28
343	227
343	358
343	389
343	557
343	612
343	634
343	691
343	823
343	985
344	64
344	78
344	160
344	369
344	404
344	450
344	474
344	619
344	724
344	799
345	33
345	190
345	313
345	507
345	528
345	565
345	626
345	637
345	737
345	757
346	170
346	189
346	303
346	329
346	412
346	427
346	474
346	503
346	538
346	783
347	86
347	368
347	420
347	491
347	663
347	667
347	680
347	707
347	715
347	932
348	5
348	80
348	183
348	375
348	475
348	500
348	540
348	726
348	825
348	826
349	36
349	307
349	369
349	371
349	418
349	468
349	650
349	749
349	758
349	814
350	246
350	422
350	494
350	575
350	583
350	651
350	787
350	860
350	885
350	896
351	127
351	149
351	179
351	219
351	226
351	405
351	504
351	850
351	956
351	1000
352	56
352	151
352	358
352	487
352	542
352	555
352	566
352	591
352	840
352	964
353	35
353	81
353	299
353	388
353	545
353	614
353	621
353	657
353	698
353	931
354	6
354	152
354	172
354	263
354	521
354	579
354	653
354	659
354	695
354	938
355	152
355	176
355	191
355	225
355	263
355	325
355	633
355	776
355	920
355	972
356	97
356	223
356	293
356	299
356	545
356	582
356	614
356	666
356	708
356	993
357	103
357	109
357	123
357	424
357	550
357	629
357	652
357	831
357	860
357	887
358	82
358	120
358	145
358	184
358	235
358	343
358	352
358	463
358	929
358	988
359	130
359	169
359	285
359	293
359	492
359	547
359	595
359	753
359	812
359	989
360	30
360	51
360	171
360	232
360	241
360	382
360	467
360	671
360	907
360	997
361	274
361	280
361	298
361	321
361	592
361	607
361	636
361	835
361	888
361	940
362	229
362	231
362	290
362	320
362	527
362	772
362	775
362	923
362	947
362	984
363	3
363	182
363	225
363	374
363	451
363	452
363	490
363	684
363	918
363	972
364	106
364	115
364	175
364	256
364	683
364	720
364	735
364	963
364	986
364	995
365	50
365	67
365	276
365	332
365	593
365	772
365	947
365	979
365	982
365	990
366	103
366	104
366	123
366	322
366	494
366	498
366	554
366	652
366	920
366	969
367	15
367	18
367	56
367	94
367	180
367	373
367	704
367	761
367	868
367	942
368	177
368	185
368	270
368	340
368	347
368	525
368	541
368	613
368	680
368	903
369	8
369	78
369	108
369	113
369	344
369	349
369	565
369	597
369	699
369	879
370	292
370	388
370	399
370	471
370	641
370	667
370	673
370	774
370	910
370	981
371	62
371	349
371	456
371	501
371	539
371	554
371	650
371	707
371	796
371	801
372	32
372	56
372	91
372	275
372	600
372	688
372	738
372	751
372	930
372	992
373	15
373	56
373	145
373	146
373	159
373	180
373	367
373	400
373	505
373	957
374	17
374	92
374	96
374	191
374	300
374	363
374	377
374	451
374	606
374	615
375	5
375	63
375	164
375	207
375	220
375	348
375	457
375	559
375	880
375	965
376	36
376	64
376	78
376	117
376	456
376	562
376	597
376	619
376	754
376	796
377	96
377	178
377	374
377	579
377	653
377	778
377	855
377	959
377	963
377	986
378	193
378	244
378	250
378	482
378	555
378	811
378	877
378	881
378	912
378	985
379	156
379	201
379	212
379	213
379	627
379	635
379	696
379	784
379	788
379	938
380	4
380	9
380	51
380	280
380	395
380	525
380	677
380	854
380	877
380	958
381	91
381	211
381	244
381	271
381	403
381	418
381	542
381	655
381	855
381	929
382	21
382	47
382	143
382	236
382	280
382	327
382	360
382	551
382	569
382	586
383	22
383	49
383	86
383	210
383	270
383	386
383	526
383	535
383	739
383	932
384	20
384	276
384	332
384	435
384	611
384	675
384	721
384	805
384	909
384	983
385	148
385	186
385	421
385	473
385	583
385	801
385	819
385	846
385	875
385	969
386	63
386	69
386	80
386	261
386	383
386	476
386	642
386	719
386	878
386	949
387	59
387	228
387	241
387	473
387	498
387	514
387	550
387	629
387	819
387	875
388	59
388	353
388	370
388	425
388	462
388	528
388	541
388	648
388	722
388	845
389	57
389	91
389	343
389	391
389	513
389	522
389	575
389	628
389	767
389	869
390	152
390	177
390	490
390	564
390	659
390	720
390	776
390	804
390	817
390	999
391	82
391	200
391	211
391	389
391	485
391	487
391	522
391	555
391	786
391	840
392	275
392	304
392	412
392	620
392	654
392	710
392	748
392	751
392	843
392	884
393	272
393	301
393	414
393	430
393	476
393	596
393	759
393	793
393	825
393	866
394	203
394	250
394	341
394	395
394	636
394	637
394	743
394	835
394	837
394	904
395	273
395	305
395	380
395	394
395	402
395	516
395	531
395	537
395	827
395	894
396	28
396	145
396	209
396	250
396	418
396	655
396	721
396	811
396	851
396	929
397	162
397	266
397	315
397	318
397	470
397	633
397	638
397	669
397	886
397	892
398	74
398	85
398	120
398	455
398	640
398	768
398	779
398	866
398	917
398	967
399	59
399	137
399	270
399	370
399	413
399	433
399	617
399	646
399	663
399	876
400	39
400	95
400	100
400	110
400	133
400	180
400	373
400	506
400	879
400	937
401	55
401	128
401	186
401	207
401	222
401	277
401	336
401	429
401	728
401	896
402	134
402	143
402	232
402	395
402	477
402	676
402	729
402	808
402	888
402	906
403	181
403	250
403	303
403	381
403	482
403	513
403	610
403	634
403	851
403	881
404	19
404	134
404	213
404	253
404	260
404	344
404	443
404	784
404	853
404	921
405	16
405	199
405	323
405	351
405	475
405	694
405	726
405	789
405	825
405	900
406	2
406	227
406	416
406	541
406	557
406	740
406	823
406	840
406	851
406	936
407	22
407	83
407	197
407	217
407	313
407	462
407	560
407	692
407	802
407	873
408	59
408	141
408	177
408	210
408	833
408	873
408	876
408	910
408	977
408	981
409	171
409	341
409	439
409	497
409	602
409	671
409	718
409	834
409	940
409	970
410	143
410	151
410	224
410	252
410	536
410	537
410	569
410	602
410	803
410	856
411	148
411	185
411	222
411	228
411	429
411	514
411	729
411	860
411	885
411	944
412	258
412	289
412	346
412	392
412	454
412	474
412	681
412	783
412	859
412	980
413	74
413	131
413	318
413	399
413	436
413	454
413	502
413	503
413	665
413	779
414	69
414	224
414	272
414	301
414	393
414	475
414	476
414	694
414	711
414	750
415	69
415	183
415	261
415	323
415	648
415	690
415	734
415	832
415	880
415	949
416	244
416	335
416	406
416	622
416	740
416	741
416	811
416	897
416	926
416	936
417	20
417	214
417	238
417	317
417	435
417	899
417	921
417	928
417	951
417	994
418	2
418	193
418	349
418	381
418	396
418	555
418	655
418	862
418	960
418	964
419	58
419	116
419	133
419	139
419	748
419	756
419	883
419	930
419	937
419	945
420	24
420	76
420	114
420	269
420	347
420	442
420	495
420	691
420	802
420	891
421	55
421	144
421	218
421	262
421	385
421	575
421	629
421	843
421	933
421	966
422	262
422	336
422	350
422	465
422	550
422	583
422	652
422	678
422	918
422	933
423	202
423	327
423	337
423	493
423	588
423	658
423	798
423	837
423	873
423	940
424	148
424	185
424	309
424	311
424	357
424	498
424	553
424	831
424	889
424	902
425	70
425	340
425	388
425	462
425	507
425	692
425	739
425	777
425	789
425	827
426	2
426	66
426	165
426	299
426	458
426	469
426	708
426	769
426	908
426	911
427	147
427	155
427	240
427	266
427	289
427	346
427	448
427	568
427	629
427	806
428	8
428	77
428	134
428	212
428	243
428	496
428	605
428	703
428	796
428	875
429	103
429	144
429	401
429	411
429	575
429	678
429	773
429	875
429	885
429	969
430	80
430	149
430	158
430	272
430	323
430	393
430	546
430	750
430	817
430	825
431	111
431	198
431	221
431	319
431	466
431	539
431	594
431	712
431	807
431	814
432	26
432	48
432	65
432	239
432	315
432	330
432	556
432	788
432	842
432	874
433	25
433	269
433	310
433	399
433	434
433	525
433	839
433	876
433	953
433	977
434	70
434	79
434	268
434	433
434	510
434	623
434	685
434	755
434	777
434	903
435	67
435	126
435	384
435	417
435	449
435	611
435	805
435	910
435	923
435	928
436	65
436	295
436	314
436	326
436	413
436	631
436	760
436	816
436	866
436	922
437	73
437	170
437	233
437	266
437	326
437	472
437	485
437	702
437	773
437	863
438	16
438	32
438	146
438	159
438	445
438	649
438	843
438	847
438	945
438	992
439	8
439	88
439	171
439	188
439	232
439	409
439	523
439	531
439	536
439	601
440	211
440	215
440	225
440	271
440	485
440	557
440	634
440	881
440	912
440	960
441	109
441	234
441	267
441	311
441	322
441	514
441	519
441	575
441	709
441	846
442	72
442	192
442	340
442	420
442	561
442	672
442	723
442	777
442	848
442	915
443	231
443	281
443	290
443	404
443	585
443	682
443	909
443	919
443	934
443	979
444	38
444	132
444	221
444	289
444	472
444	542
444	544
444	863
444	874
444	984
445	95
445	116
445	304
445	438
445	505
445	662
445	710
445	748
445	804
445	865
446	252
446	274
446	294
446	328
446	551
446	827
446	877
446	939
446	958
446	990
447	15
447	87
447	139
447	180
447	505
447	506
447	685
447	730
447	865
447	945
448	305
448	427
448	454
448	489
448	603
448	647
448	871
448	886
448	922
448	944
449	50
449	214
449	269
449	435
449	625
449	786
449	805
449	919
449	951
449	982
450	12
450	19
450	89
450	134
450	304
450	344
450	508
450	696
450	749
450	821
451	106
451	122
451	176
451	247
451	256
451	316
451	363
451	374
451	588
451	893
452	6
452	115
452	363
452	578
452	579
452	606
452	838
452	916
452	959
452	972
453	120
453	155
453	162
453	189
453	283
453	821
453	836
453	857
453	859
453	955
454	226
454	412
454	413
454	448
454	603
454	773
454	815
454	816
454	863
454	984
455	83
455	289
455	398
455	502
455	681
455	694
455	765
455	790
455	813
455	975
456	25
456	213
456	243
456	371
456	376
456	508
456	543
456	745
456	853
456	913
457	16
457	63
457	158
457	226
457	252
457	272
457	375
457	540
457	759
457	1000
458	46
458	66
458	178
458	299
458	426
458	698
458	844
458	858
458	911
458	931
459	4
459	93
459	199
459	301
459	563
459	668
459	861
459	872
459	941
459	949
460	157
460	251
460	300
460	521
460	579
460	689
460	706
460	766
460	804
460	920
461	15
461	138
461	196
461	217
461	612
461	710
461	748
461	751
461	890
461	992
462	49
462	124
462	197
462	313
462	388
462	407
462	425
462	792
462	924
462	973
463	2
463	184
463	230
463	271
463	358
463	486
463	534
463	746
463	869
463	912
464	235
464	245
464	338
464	486
464	656
464	714
464	820
464	936
464	985
464	988
465	117
465	153
465	422
465	494
465	652
465	678
465	875
465	880
465	889
465	902
466	14
466	111
466	113
466	264
466	431
466	635
466	724
466	795
466	796
466	849
467	10
467	75
467	360
467	493
467	515
467	569
467	601
467	726
467	729
467	958
468	36
468	61
468	124
468	349
468	508
468	559
468	635
468	703
468	724
468	758
469	42
469	223
469	299
469	426
469	493
469	643
469	666
469	769
469	911
469	993
470	1
470	26
470	140
470	182
470	195
470	397
470	661
470	747
470	806
470	905
471	36
471	62
471	124
471	160
471	212
471	370
471	619
471	635
471	699
471	701
472	248
472	287
472	326
472	329
472	437
472	444
472	489
472	655
472	681
472	874
473	222
473	267
473	277
473	385
473	387
473	553
473	554
473	762
473	787
473	865
474	287
474	326
474	344
474	346
474	412
474	489
474	664
474	669
474	725
474	744
475	17
475	348
475	405
475	414
475	476
475	510
475	657
475	734
475	861
475	949
476	386
476	393
476	414
476	475
476	642
476	646
476	734
476	832
476	850
476	900
477	10
477	265
477	285
477	293
477	327
477	402
477	515
477	551
477	767
477	904
478	121
478	148
478	152
478	174
478	181
478	284
478	325
478	697
478	828
478	838
479	35
479	46
479	144
479	254
479	643
479	760
479	769
479	785
479	818
479	887
480	71
480	213
480	232
480	536
480	547
480	637
480	671
480	735
480	812
480	935
481	105
481	184
481	271
481	482
481	542
481	563
481	740
481	811
481	912
481	991
482	57
482	105
482	211
482	303
482	378
482	403
482	481
482	591
482	746
482	889
483	108
483	168
483	253
483	650
483	665
483	703
483	707
483	749
483	758
483	784
484	37
484	118
484	130
484	194
484	280
484	531
484	534
484	748
484	822
484	854
485	82
485	230
485	391
485	437
485	440
485	487
485	513
485	820
485	881
485	926
486	2
486	200
486	206
486	230
486	463
486	464
486	536
486	557
486	566
486	634
487	145
487	215
487	230
487	281
487	352
487	391
487	485
487	513
487	591
487	656
488	1
488	73
488	112
488	162
488	227
488	240
488	552
488	661
488	681
488	955
489	221
489	233
489	258
489	264
489	315
489	331
489	448
489	472
489	474
489	597
490	22
490	150
490	172
490	363
490	390
490	564
490	695
490	697
490	766
490	963
491	279
491	347
491	623
491	648
491	685
491	705
491	824
491	828
491	903
491	981
492	88
492	194
492	236
492	242
492	307
492	359
492	516
492	609
492	781
492	888
493	143
493	216
493	224
493	236
493	237
493	423
493	467
493	469
493	636
493	940
494	185
494	241
494	294
494	350
494	366
494	465
494	575
494	768
494	846
494	885
495	197
495	261
495	292
495	340
495	420
495	535
495	548
495	660
495	774
495	891
496	8
496	19
496	77
496	78
496	89
496	111
496	290
496	307
496	428
496	913
497	27
497	51
497	252
497	409
497	676
497	686
497	810
497	849
497	870
497	958
498	366
498	387
498	424
498	583
498	652
498	728
498	787
498	860
498	889
498	924
499	118
499	274
499	531
499	609
499	632
499	643
499	671
499	731
499	827
499	854
500	20
500	53
500	231
500	255
500	276
500	281
500	348
500	527
500	928
500	934
501	13
501	187
501	253
501	288
501	371
501	511
501	594
501	849
501	860
501	950
502	42
502	248
502	289
502	305
502	413
502	455
502	857
502	866
502	922
502	961
503	68
503	112
503	136
503	155
503	314
503	346
503	413
503	598
503	770
503	998
504	246
504	311
504	351
504	514
504	553
504	678
504	787
504	831
504	846
504	889
505	32
505	373
505	445
505	447
505	600
505	738
505	782
505	785
505	948
505	965
506	54
506	111
506	116
506	249
506	400
506	447
506	865
506	883
506	930
506	965
507	76
507	285
507	313
507	345
507	425
507	715
507	903
507	932
507	977
507	981
508	198
508	288
508	450
508	456
508	468
508	594
508	724
508	780
508	853
508	959
509	37
509	327
509	515
509	609
509	676
509	687
509	743
509	747
509	906
509	958
510	63
510	149
510	179
510	207
510	323
510	434
510	475
510	668
510	734
510	878
511	14
511	19
511	135
511	187
511	212
511	243
511	501
511	594
511	704
511	799
512	12
512	13
512	19
512	62
512	212
512	558
512	619
512	669
512	745
512	795
513	193
513	271
513	272
513	389
513	403
513	485
513	487
513	555
513	610
513	746
514	119
514	167
514	294
514	387
514	411
514	441
514	504
514	554
514	678
514	967
515	30
515	171
515	280
515	289
515	467
515	477
515	509
515	524
515	852
515	935
516	9
516	169
516	188
516	202
516	321
516	395
516	492
516	571
516	747
516	846
517	57
517	118
517	125
517	184
517	235
517	250
517	271
517	333
517	610
517	651
518	68
518	83
518	258
518	314
518	647
518	765
518	779
518	806
518	882
518	917
519	14
519	52
519	77
519	124
519	201
519	243
519	441
519	594
519	696
519	745
520	138
520	161
520	223
520	643
520	716
520	760
520	818
520	830
520	844
520	858
521	3
521	152
521	176
521	300
521	354
521	460
521	545
521	577
521	697
521	776
522	125
522	184
522	210
522	215
522	389
522	391
522	634
522	811
522	862
522	927
523	10
523	266
523	328
523	439
523	551
523	601
523	677
523	822
523	854
523	978
524	13
524	236
524	341
524	515
524	537
524	679
524	854
524	907
524	935
524	978
525	49
525	102
525	368
525	380
525	433
525	526
525	565
525	617
525	626
525	932
526	33
526	59
526	137
526	298
526	383
526	525
526	580
526	763
526	792
526	845
527	126
527	255
527	320
527	362
527	500
527	713
527	772
527	909
527	939
527	996
528	93
528	190
528	210
528	345
528	388
528	560
528	580
528	639
528	646
528	895
529	63
529	179
529	199
529	301
529	608
529	734
529	774
529	861
529	900
529	901
530	25
530	28
530	291
530	562
530	572
530	704
530	745
530	749
530	801
530	938
531	135
531	216
531	395
531	439
531	484
531	499
531	569
531	576
531	595
531	907
532	47
532	169
532	265
532	274
532	321
532	549
532	602
532	807
532	882
532	990
533	81
533	299
533	302
533	582
533	614
533	643
533	679
533	908
533	916
533	976
534	88
534	99
534	188
534	463
534	484
534	581
534	592
534	747
534	764
534	827
535	33
535	34
535	114
535	279
535	383
535	495
535	548
535	903
535	942
535	973
536	10
536	41
536	135
536	265
536	410
536	439
536	480
536	486
536	588
536	907
537	130
537	135
537	203
537	232
537	252
537	395
537	410
537	524
537	906
537	941
538	73
538	120
538	240
538	315
538	346
538	568
538	813
538	874
538	979
538	980
539	57
539	61
539	64
539	371
539	431
539	650
539	780
539	807
539	842
539	962
540	179
540	183
540	219
540	237
540	348
540	457
540	563
540	642
540	759
540	1000
541	368
541	388
541	406
541	660
541	685
541	692
541	739
541	794
541	891
541	932
542	82
542	335
542	352
542	381
542	444
542	481
542	557
542	741
542	820
542	960
543	9
543	169
543	242
543	312
543	327
543	456
543	547
543	595
543	638
543	882
544	164
544	173
544	258
544	283
544	305
544	314
544	329
544	444
544	857
544	892
545	254
545	353
545	356
545	521
545	760
545	785
545	818
545	946
545	976
545	993
546	16
546	87
546	149
546	301
546	430
546	563
546	750
546	861
546	956
546	1000
547	118
547	285
547	359
547	480
547	543
547	581
547	594
547	764
547	877
547	940
548	209
548	269
548	342
548	495
548	535
548	561
548	680
548	722
548	891
548	924
549	47
549	259
549	293
549	341
549	532
549	601
549	658
549	763
549	882
549	935
550	218
550	222
550	241
550	262
550	357
550	387
550	422
550	554
550	728
550	847
551	9
551	27
551	143
551	382
551	446
551	477
551	523
551	673
551	808
551	894
552	131
552	147
552	248
552	488
552	556
552	607
552	640
552	788
552	791
552	970
553	55
553	185
553	222
553	336
553	424
553	473
553	504
553	831
553	860
553	963
554	11
554	109
554	117
554	222
554	228
554	366
554	371
554	473
554	514
554	550
555	215
555	352
555	378
555	391
555	418
555	513
555	622
555	692
555	767
555	912
556	68
556	147
556	432
556	552
556	665
556	715
556	725
556	765
556	791
556	871
557	235
557	279
557	343
557	406
557	440
557	486
557	542
557	651
557	655
557	929
558	213
558	253
558	512
558	572
558	696
558	704
558	712
558	754
558	821
558	848
559	5
559	63
559	84
559	93
559	183
559	375
559	468
559	711
559	759
559	832
560	86
560	310
560	407
560	528
560	598
560	646
560	715
560	779
560	848
560	971
561	309
561	442
561	548
561	641
561	648
561	727
561	753
561	755
561	763
561	910
562	13
562	25
562	61
562	376
562	530
562	605
562	635
562	701
562	784
562	861
563	5
563	93
563	219
563	459
563	481
563	540
563	546
563	596
563	711
563	826
564	92
564	247
564	297
564	390
564	490
564	828
564	855
564	959
564	974
564	999
565	59
565	72
565	190
565	282
565	345
565	369
565	525
565	739
565	839
565	971
566	2
566	184
566	235
566	352
566	486
566	622
566	656
566	684
566	840
566	988
567	81
567	299
567	311
567	614
567	624
567	643
567	657
567	708
567	931
567	993
568	10
568	29
568	101
568	136
568	266
568	427
568	538
568	586
568	603
568	874
569	41
569	273
569	321
569	382
569	410
569	467
569	531
569	670
569	809
569	871
570	1
570	48
570	132
570	233
570	245
570	306
570	631
570	744
570	813
570	835
571	114
571	341
571	516
571	588
571	595
571	671
571	676
571	743
571	837
571	939
572	13
572	78
572	280
572	291
572	319
572	530
572	558
572	704
572	712
572	879
573	32
573	193
573	200
573	227
573	250
573	303
573	333
573	651
573	741
573	869
574	54
574	146
574	180
574	222
574	304
574	339
574	645
574	649
574	847
574	868
575	55
575	350
575	389
575	421
575	429
575	441
575	494
575	787
575	867
575	902
576	165
576	254
576	286
576	531
576	708
576	785
576	818
576	830
576	887
576	954
577	115
577	176
577	191
577	300
577	338
577	521
577	606
577	817
577	959
577	974
578	115
578	141
578	142
578	150
578	157
578	452
578	855
578	914
578	963
578	968
579	23
579	106
579	191
579	208
579	354
579	377
579	452
579	460
579	855
579	918
580	217
580	292
580	526
580	528
580	617
580	663
580	674
580	727
580	739
580	755
581	341
581	534
581	547
581	590
581	604
581	637
581	729
581	731
581	834
581	939
582	85
582	253
582	286
582	356
582	533
582	621
582	643
582	736
582	769
582	954
583	104
583	123
583	167
583	190
583	350
583	385
583	422
583	498
583	966
583	987
584	99
584	224
584	327
584	803
584	833
584	854
584	904
584	907
584	939
584	940
585	110
585	238
585	255
585	443
585	611
585	625
585	682
585	723
585	772
585	934
586	48
586	195
586	305
586	314
586	382
586	568
586	661
586	702
586	859
586	863
587	123
587	128
587	148
587	153
587	234
587	241
587	283
587	875
587	933
587	944
588	75
588	242
588	423
588	451
588	536
588	571
588	729
588	742
588	877
588	906
589	3
589	115
589	150
589	181
589	316
589	591
589	697
589	893
589	920
589	974
590	27
590	98
590	265
590	581
590	637
590	676
590	686
590	834
590	869
590	997
591	215
591	352
591	482
591	487
591	589
591	656
591	714
591	746
591	869
591	991
592	44
592	47
592	98
592	201
592	361
592	534
592	595
592	729
592	764
592	798
593	214
593	281
593	365
593	713
593	718
593	723
593	775
593	803
593	923
593	982
594	113
594	160
594	431
594	501
594	508
594	511
594	519
594	547
594	913
594	989
595	252
595	327
595	359
595	531
595	543
595	571
595	592
595	677
595	735
595	995
596	154
596	207
596	220
596	393
596	563
596	668
596	719
596	759
596	826
596	941
597	19
597	64
597	78
597	187
597	291
597	369
597	376
597	489
597	795
597	853
598	210
598	292
598	309
598	503
598	560
598	613
598	663
598	680
598	692
598	932
599	198
599	236
599	253
599	307
599	704
599	724
599	795
599	801
599	814
599	879
600	110
600	146
600	249
600	339
600	372
600	505
600	612
600	620
600	738
600	859
601	71
601	88
601	101
601	439
601	467
601	523
601	549
601	638
601	810
601	978
602	216
602	409
602	410
602	532
602	735
602	742
602	753
602	783
602	812
602	894
603	132
603	140
603	448
603	454
603	568
603	740
603	744
603	783
603	980
603	984
604	162
604	163
604	189
604	326
604	581
604	687
604	788
604	806
604	815
604	836
605	52
605	77
605	111
605	315
605	428
605	562
605	696
605	701
605	801
605	821
606	52
606	115
606	191
606	263
606	374
606	452
606	577
606	695
606	838
606	920
607	7
607	101
607	155
607	361
607	552
607	702
607	765
607	806
607	967
607	975
608	5
608	17
608	48
608	127
608	158
608	529
608	694
608	826
608	880
608	941
609	10
609	202
609	216
609	492
609	499
609	509
609	827
609	852
609	970
609	994
610	116
610	125
610	227
610	230
610	403
610	513
610	517
610	651
610	851
610	964
611	50
611	196
611	332
611	384
611	435
611	585
611	919
611	947
611	951
611	996
612	196
612	304
612	343
612	461
612	600
612	662
612	748
612	752
612	843
612	930
613	79
613	121
613	279
613	340
613	368
613	598
613	667
613	792
613	903
613	915
614	66
614	81
614	223
614	239
614	297
614	302
614	353
614	356
614	533
614	567
615	150
615	166
615	172
615	178
615	230
615	257
615	374
615	683
615	700
615	959
616	30
616	194
616	242
616	298
616	312
616	670
616	717
616	808
616	897
616	990
617	12
617	49
617	114
617	217
617	399
617	525
617	580
617	639
617	802
617	845
618	193
618	206
618	209
618	250
618	622
618	634
618	674
618	820
618	927
618	992
619	187
619	242
619	260
619	291
619	344
619	376
619	471
619	512
619	921
619	962
620	138
620	146
620	180
620	275
620	392
620	600
620	696
620	751
620	930
620	948
621	30
621	66
621	85
621	154
621	204
621	254
621	353
621	582
621	736
621	946
622	34
622	151
622	227
622	303
622	416
622	555
622	566
622	618
622	767
622	811
623	177
623	197
623	274
623	342
623	434
623	491
623	663
623	680
623	755
623	794
624	97
624	198
624	334
624	567
624	666
624	698
624	736
624	818
624	911
624	993
625	20
625	53
625	317
625	449
625	585
625	718
625	721
625	812
625	923
625	951
626	24
626	31
626	34
626	333
626	345
626	525
626	672
626	953
626	973
626	977
627	12
627	36
627	61
627	111
627	379
627	703
627	745
627	749
627	842
627	901
628	125
628	151
628	209
628	389
628	674
628	741
628	823
628	926
628	988
628	993
629	11
629	267
629	311
629	336
629	357
629	387
629	421
629	427
629	846
629	889
630	18
630	54
630	60
630	94
630	95
630	196
630	275
630	834
630	942
630	965
631	120
631	163
631	326
631	436
631	570
631	687
631	701
631	925
631	952
631	984
632	4
632	41
632	98
632	203
632	232
632	237
632	273
632	499
632	700
632	837
633	38
633	142
633	245
633	295
633	355
633	397
633	661
633	669
633	857
633	967
634	91
634	105
634	343
634	403
634	440
634	486
634	522
634	618
634	740
634	925
635	176
635	243
635	319
635	379
635	466
635	468
635	471
635	562
635	814
635	913
636	169
636	237
636	337
636	361
636	394
636	493
636	652
636	677
636	798
636	856
637	98
637	99
637	345
637	394
637	480
637	581
637	590
637	733
637	742
637	798
638	118
638	135
638	188
638	397
638	543
638	601
638	743
638	764
638	835
638	894
639	31
639	36
639	270
639	282
639	528
639	617
639	839
639	873
639	915
639	971
640	26
640	40
640	221
640	239
640	331
640	398
640	552
640	661
640	687
640	922
641	49
641	87
641	279
641	370
641	561
641	660
641	722
641	792
641	895
641	910
642	9
642	272
642	386
642	476
642	540
642	793
642	850
642	900
642	941
642	956
643	85
643	165
643	469
643	479
643	499
643	520
643	533
643	567
643	582
643	657
644	71
644	98
644	99
644	135
644	237
644	257
644	259
644	337
644	679
644	978
645	39
645	54
645	56
645	574
645	688
645	738
645	748
645	957
645	985
645	992
646	31
646	210
646	309
646	399
646	476
646	528
646	560
646	648
646	802
646	895
647	83
647	96
647	258
647	448
647	518
647	725
647	791
647	806
647	864
647	871
648	268
648	388
648	415
648	491
648	561
648	646
648	663
648	876
648	910
648	915
649	133
649	249
649	438
649	574
649	752
649	761
649	790
649	942
649	945
649	948
650	19
650	68
650	89
650	349
650	371
650	483
650	539
650	703
650	821
650	962
651	206
651	338
651	350
651	517
651	557
651	573
651	610
651	656
651	714
651	740
652	103
652	185
652	357
652	366
652	422
652	465
652	498
652	636
652	762
652	896
653	168
653	172
653	181
653	247
653	300
653	316
653	354
653	377
653	684
653	986
654	39
654	296
654	392
654	662
654	688
654	730
654	732
654	751
654	915
654	945
655	193
655	200
655	381
655	396
655	418
655	472
655	557
655	714
655	820
655	991
656	57
656	62
656	209
656	235
656	464
656	487
656	566
656	591
656	651
656	960
657	46
657	154
657	353
657	475
657	567
657	643
657	736
657	760
657	858
657	916
658	51
658	203
658	262
658	312
658	423
658	549
658	742
658	822
658	906
658	990
659	121
659	225
659	251
659	324
659	325
659	354
659	390
659	804
659	904
659	972
660	177
660	197
660	269
660	270
660	312
660	495
660	541
660	641
660	705
660	924
661	65
661	142
661	470
661	488
661	586
661	633
661	640
661	864
661	961
661	974
662	20
662	60
662	133
662	296
662	445
662	612
662	654
662	730
662	761
662	883
663	177
663	192
663	246
663	347
663	399
663	580
663	598
663	623
663	648
663	685
664	29
664	129
664	474
664	681
664	750
664	788
664	800
664	813
664	975
664	980
665	65
665	68
665	314
665	331
665	413
665	483
665	556
665	669
665	866
665	984
666	165
666	356
666	469
666	624
666	698
666	716
666	887
666	908
666	917
666	946
667	24
667	31
667	34
667	287
667	310
667	347
667	370
667	613
667	727
667	833
668	459
668	510
668	596
668	690
668	719
668	750
668	825
668	941
668	950
668	956
669	397
669	474
669	512
669	633
669	665
669	768
669	773
669	859
669	905
669	983
670	27
670	188
670	216
670	259
670	569
670	616
670	679
670	784
670	810
670	827
671	21
671	265
671	273
671	360
671	409
671	480
671	499
671	571
671	822
671	850
672	59
672	269
672	292
672	317
672	442
672	626
672	737
672	763
672	774
672	848
673	76
673	114
673	190
673	269
673	279
673	292
673	370
673	551
673	845
673	903
674	2
674	57
674	209
674	235
674	338
674	580
674	618
674	628
674	929
674	964
675	205
675	229
675	240
675	290
675	384
675	682
675	805
675	928
675	951
675	982
676	259
676	402
676	497
676	509
676	571
676	590
676	812
676	877
676	883
676	958
677	37
677	54
677	293
677	380
677	523
677	595
677	636
677	733
677	764
677	781
678	71
678	119
678	128
678	422
678	429
678	465
678	504
678	514
678	889
678	987
679	41
679	242
679	524
679	533
679	644
679	670
679	808
679	822
679	854
679	978
680	72
680	282
680	347
680	368
680	548
680	598
680	623
680	739
680	757
680	885
681	73
681	83
681	240
681	295
681	334
681	412
681	455
681	472
681	488
681	664
682	107
682	290
682	332
682	443
682	585
682	675
682	734
682	909
682	923
682	994
683	92
683	150
683	175
683	220
683	364
683	615
683	689
683	855
683	963
683	974
684	174
684	251
684	284
684	363
684	566
684	653
684	776
684	817
684	855
684	918
685	197
685	210
685	217
685	279
685	434
685	447
685	491
685	541
685	663
685	737
686	71
686	118
686	128
686	273
686	328
686	497
686	590
686	731
686	798
686	894
687	131
687	132
687	140
687	170
687	173
687	509
687	604
687	631
687	640
687	725
688	32
688	39
688	56
688	94
688	110
688	372
688	645
688	654
688	824
688	883
689	37
689	141
689	150
689	256
689	284
689	460
689	683
689	700
689	959
689	995
690	17
690	125
690	220
690	415
690	668
690	771
690	793
690	841
690	943
690	956
691	91
691	244
691	250
691	338
691	343
691	420
691	823
691	881
691	927
691	985
692	59
692	137
692	407
692	425
692	541
692	555
692	598
692	774
692	777
692	981
693	131
693	182
693	223
693	239
693	248
693	258
693	765
693	783
693	790
693	967
694	127
694	405
694	414
694	455
694	608
694	759
694	771
694	878
694	901
694	949
695	121
695	181
695	325
695	354
695	490
695	606
695	817
695	884
695	914
695	995
696	160
696	379
696	450
696	519
696	558
696	605
696	620
696	701
696	707
696	799
697	234
697	251
697	325
697	478
697	490
697	521
697	589
697	766
697	817
697	920
698	35
698	81
698	97
698	310
698	353
698	458
698	624
698	666
698	844
698	858
699	12
699	64
699	77
699	247
699	307
699	369
699	471
699	707
699	784
699	801
700	3
700	157
700	178
700	225
700	615
700	632
700	689
700	766
700	918
700	974
701	201
701	319
701	471
701	562
701	605
701	631
701	696
701	704
701	796
701	849
702	112
702	295
702	437
702	586
702	607
702	720
702	779
702	815
702	952
702	983
703	14
703	134
703	253
703	428
703	468
703	483
703	627
703	650
703	766
703	814
704	52
704	134
704	253
704	367
704	511
704	530
704	558
704	572
704	599
704	701
705	24
705	137
705	310
705	491
705	660
705	713
705	722
705	763
705	824
705	932
706	268
706	282
706	292
706	310
706	460
706	715
706	763
706	797
706	833
706	910
707	61
707	108
707	288
707	347
707	371
707	483
707	696
707	699
707	745
707	842
708	154
708	223
708	297
708	356
708	426
708	567
708	576
708	946
708	954
708	969
709	55
709	104
709	218
709	311
709	441
709	743
709	885
709	896
709	902
709	987
710	32
710	100
710	282
710	392
710	445
710	461
710	732
710	843
710	868
710	948
711	63
711	158
711	179
711	219
711	414
711	559
711	563
711	726
711	872
711	966
712	62
712	124
712	201
712	253
712	431
712	558
712	572
712	724
712	728
712	745
713	527
713	593
713	705
713	723
713	775
713	829
713	923
713	928
713	947
713	979
714	244
714	335
714	464
714	591
714	651
714	655
714	740
714	805
714	840
714	960
715	190
715	347
715	507
715	556
715	560
715	706
715	797
715	824
715	891
715	973
716	46
716	161
716	204
716	223
716	299
716	302
716	520
716	666
716	856
716	976
717	152
717	208
717	263
717	300
717	616
717	817
717	963
717	972
717	974
717	999
718	107
718	214
718	409
718	593
718	625
718	772
718	775
718	786
718	829
718	996
719	84
719	93
719	220
719	386
719	596
719	668
719	841
719	870
719	872
719	880
720	3
720	92
720	150
720	256
720	324
720	364
720	390
720	702
720	817
720	918
721	90
721	126
721	276
721	384
721	396
721	625
721	786
721	923
721	947
721	979
722	24
722	197
722	313
722	331
722	388
722	548
722	641
722	705
722	792
722	824
723	90
723	107
723	205
723	332
723	442
723	585
723	593
723	713
723	979
723	982
724	344
724	466
724	468
724	508
724	599
724	712
724	799
724	807
724	819
724	962
725	7
725	131
725	189
725	321
725	474
725	556
725	647
725	687
725	955
725	980
726	16
726	93
726	158
726	261
726	348
726	405
726	467
726	711
726	872
726	941
727	70
727	102
727	268
727	279
727	561
727	580
727	667
727	809
727	848
727	973
728	117
728	119
728	218
728	401
728	498
728	550
728	712
728	762
728	933
728	969
729	47
729	75
729	130
729	402
729	411
729	467
729	581
729	588
729	592
729	856
730	56
730	94
730	196
730	286
730	447
730	654
730	662
730	752
730	865
730	883
731	30
731	37
731	105
731	298
731	499
731	581
731	686
731	809
731	856
731	990
732	95
732	138
732	654
732	710
732	738
732	752
732	761
732	884
732	890
732	951
733	10
733	19
733	30
733	135
733	321
733	637
733	677
733	743
733	810
733	997
734	80
734	226
734	261
734	323
734	415
734	475
734	476
734	510
734	529
734	682
735	216
735	224
735	242
735	364
735	480
735	595
735	602
735	747
735	809
735	888
736	66
736	154
736	582
736	621
736	624
736	657
736	769
736	862
736	911
736	916
737	102
737	190
737	192
737	263
737	270
737	345
737	672
737	685
737	794
737	977
738	32
738	94
738	159
738	372
738	505
738	600
738	645
738	732
738	930
738	954
739	102
739	114
739	158
739	383
739	425
739	541
739	565
739	580
739	680
739	876
740	211
740	406
740	416
740	481
740	603
740	634
740	651
740	714
740	778
740	862
741	18
741	335
741	416
741	542
741	573
741	628
741	851
741	881
741	912
741	936
742	21
742	27
742	45
742	274
742	293
742	588
742	602
742	637
742	658
742	852
743	75
743	273
743	312
743	394
743	509
743	571
743	638
743	709
743	733
743	877
744	89
744	112
744	142
744	233
744	264
744	474
744	570
744	603
744	765
744	800
745	62
745	456
745	512
745	519
745	530
745	627
745	707
745	712
745	796
745	822
746	125
746	333
746	338
746	463
746	482
746	513
746	591
746	816
746	840
746	912
747	71
747	118
747	280
747	470
747	509
747	516
747	534
747	735
747	935
747	997
748	392
748	419
748	445
748	461
748	484
748	612
748	645
748	752
748	843
748	942
749	12
749	29
749	160
749	201
749	349
749	450
749	483
749	530
749	627
749	962
750	164
750	183
750	414
750	430
750	546
750	664
750	668
750	841
750	901
750	943
751	133
751	193
751	372
751	392
751	461
751	620
751	654
751	752
751	890
751	930
752	23
752	53
752	138
752	159
752	612
752	649
752	730
752	732
752	748
752	751
753	99
753	118
753	359
753	561
753	602
753	897
753	904
753	906
753	939
753	978
754	52
754	77
754	78
754	89
754	104
754	134
754	307
754	376
754	558
754	780
755	102
755	210
755	434
755	561
755	580
755	623
755	777
755	789
755	873
755	908
756	60
756	110
756	116
756	260
756	339
756	419
756	847
756	884
756	930
756	965
757	72
757	190
757	270
757	327
757	345
757	680
757	848
757	910
757	915
757	953
758	12
758	13
758	52
758	160
758	201
758	349
758	468
758	483
758	821
758	888
759	69
759	74
759	199
759	393
759	457
759	540
759	559
759	596
759	694
759	1000
760	42
760	154
760	436
760	479
760	520
760	545
760	657
760	818
760	887
760	954
761	296
761	367
761	649
761	662
761	732
761	792
761	937
761	945
761	948
761	992
762	55
762	144
762	235
762	308
762	473
762	652
762	728
762	831
762	846
762	966
763	70
763	210
763	292
763	526
763	549
763	561
763	672
763	705
763	706
763	895
764	4
764	232
764	285
764	534
764	547
764	592
764	638
764	677
764	870
764	960
765	129
765	295
765	329
765	455
765	518
765	556
765	607
765	693
765	744
765	831
766	166
766	172
766	174
766	181
766	460
766	490
766	697
766	700
766	703
766	963
767	28
767	91
767	200
767	335
767	389
767	477
767	555
767	622
767	869
767	991
768	65
768	101
768	173
768	240
768	287
768	398
768	494
768	669
768	790
768	816
769	66
769	212
769	426
769	469
769	479
769	582
769	736
769	911
769	954
769	976
770	29
770	120
770	170
770	194
770	266
770	503
770	863
770	922
770	961
770	998
771	16
771	84
771	103
771	164
771	690
771	694
771	841
771	878
771	901
771	943
772	20
772	50
772	362
772	365
772	527
772	585
772	718
772	857
772	919
772	996
773	101
773	189
773	245
773	248
773	295
773	429
773	437
773	454
773	669
773	871
774	22
774	86
774	268
774	370
774	495
774	529
774	672
774	692
774	839
774	891
775	107
775	281
775	320
775	336
775	362
775	593
775	713
775	718
775	923
775	996
776	43
776	172
776	191
776	206
776	355
776	390
776	521
776	684
776	968
776	999
777	76
777	102
777	186
777	425
777	434
777	442
777	692
777	755
777	794
777	876
778	28
778	230
778	244
778	333
778	377
778	740
778	823
778	926
778	927
778	991
779	26
779	48
779	129
779	245
779	278
779	398
779	413
779	518
779	560
779	702
780	92
780	124
780	212
780	288
780	508
780	539
780	754
780	795
780	842
780	853
781	21
781	37
781	41
781	47
781	88
781	492
781	677
781	812
781	935
781	947
782	18
782	23
782	72
782	94
782	110
782	146
782	196
782	505
782	847
782	957
783	163
783	189
783	346
783	412
783	602
783	603
783	693
783	898
783	952
783	983
784	319
784	379
784	404
784	483
784	562
784	670
784	699
784	795
784	913
784	921
785	42
785	46
785	97
785	165
785	302
785	479
785	505
785	545
785	576
785	916
786	53
786	281
786	317
786	391
786	449
786	718
786	721
786	829
786	919
786	994
787	128
787	186
787	189
787	228
787	350
787	473
787	498
787	504
787	575
787	933
788	278
788	315
788	379
788	432
788	552
788	604
788	664
788	815
788	836
788	967
789	24
789	31
789	49
789	72
789	76
789	269
789	405
789	425
789	755
789	848
790	38
790	142
790	258
790	329
790	330
790	455
790	649
790	693
790	768
790	800
791	74
791	75
791	170
791	287
791	306
791	552
791	556
791	647
791	813
791	836
792	72
792	462
792	526
792	613
792	641
792	722
792	761
792	802
792	824
792	839
793	17
793	69
793	80
793	149
793	393
793	642
793	690
793	825
793	900
793	996
794	31
794	86
794	109
794	342
794	541
794	623
794	737
794	777
794	891
794	971
795	8
795	64
795	131
795	291
795	466
795	512
795	597
795	599
795	780
795	784
796	77
796	260
796	371
796	376
796	428
796	466
796	701
796	745
796	842
796	957
797	31
797	183
797	292
797	313
797	342
797	706
797	715
797	910
797	932
797	953
798	88
798	300
798	423
798	592
798	636
798	637
798	686
798	852
798	897
798	970
799	62
799	201
799	212
799	243
799	344
799	511
799	696
799	724
799	801
799	1000
800	29
800	73
800	140
800	142
800	295
800	335
800	664
800	744
800	790
800	998
801	156
801	213
801	371
801	385
801	530
801	599
801	605
801	699
801	799
801	849
802	63
802	268
802	407
802	420
802	617
802	646
802	792
802	891
802	924
802	953
803	202
803	224
803	274
803	280
803	298
803	410
803	584
803	593
803	882
803	888
804	3
804	121
804	172
804	324
804	390
804	445
804	460
804	659
804	838
804	920
805	67
805	238
805	384
805	435
805	449
805	675
805	714
805	934
805	951
805	982
806	129
806	265
806	427
806	470
806	518
806	604
806	607
806	647
806	898
806	905
807	14
807	307
807	319
807	431
807	532
807	539
807	724
807	814
807	879
807	989
808	157
808	203
808	224
808	298
808	341
808	402
808	551
808	616
808	679
808	894
809	4
809	27
809	44
809	273
809	569
809	727
809	731
809	735
809	822
809	837
810	9
810	51
810	248
810	259
810	274
810	328
810	497
810	601
810	670
810	733
811	57
811	200
811	378
811	396
811	416
811	481
811	522
811	622
811	814
811	936
812	169
812	321
812	359
812	480
812	602
812	625
812	676
812	781
812	822
812	897
813	112
813	155
813	318
813	329
813	455
813	538
813	570
813	664
813	791
813	933
814	14
814	291
814	349
814	431
814	599
814	635
814	703
814	807
814	811
814	921
815	1
815	74
815	133
815	163
815	295
815	454
815	604
815	702
815	788
815	874
816	38
816	239
816	315
816	329
816	436
816	454
816	746
816	768
816	864
816	871
817	390
817	430
817	577
817	684
817	695
817	697
817	717
817	720
817	893
817	972
818	154
818	288
818	334
818	479
818	520
818	545
818	576
818	624
818	760
818	976
819	109
819	186
819	218
819	228
819	234
819	385
819	387
819	724
819	889
819	987
820	197
820	200
820	215
820	303
820	464
820	485
820	542
820	618
820	655
820	926
821	25
821	450
821	453
821	558
821	605
821	650
821	758
821	879
821	950
821	962
822	484
822	523
822	658
822	671
822	679
822	745
822	809
822	812
822	856
822	997
823	151
823	155
823	206
823	235
823	343
823	406
823	628
823	691
823	778
823	927
824	76
824	137
824	342
824	491
824	688
824	705
824	715
824	722
824	792
824	876
825	16
825	158
825	164
825	195
825	348
825	393
825	405
825	430
825	668
825	793
826	93
826	261
826	272
826	348
826	563
826	596
826	608
826	841
826	935
826	943
827	395
827	425
827	446
827	499
827	534
827	609
827	670
827	882
827	906
827	990
828	176
828	181
828	316
828	478
828	491
828	564
828	838
828	918
828	968
828	999
829	67
829	205
829	243
829	317
829	332
829	713
829	718
829	786
829	934
829	982
830	46
830	165
830	204
830	223
830	286
830	334
830	520
830	576
830	908
830	999
831	40
831	117
831	357
831	424
831	504
831	553
831	762
831	765
831	896
831	944
832	149
832	164
832	330
832	415
832	476
832	559
832	850
832	901
832	956
832	1000
833	33
833	76
833	190
833	309
833	310
833	408
833	584
833	667
833	706
833	873
834	47
834	224
834	298
834	328
834	409
834	581
834	590
834	630
834	958
834	978
835	71
835	237
835	259
835	280
835	361
835	394
835	570
835	638
835	904
835	970
836	163
836	331
836	453
836	604
836	788
836	791
836	859
836	886
836	958
836	967
837	41
837	173
837	203
837	216
837	394
837	423
837	571
837	632
837	809
837	940
838	92
838	161
838	166
838	247
838	452
838	478
838	606
838	804
838	828
838	959
839	22
839	33
839	34
839	433
839	565
839	639
839	774
839	792
839	864
839	977
840	200
840	227
840	352
840	391
840	406
840	566
840	714
840	746
840	900
840	985
841	80
841	214
841	226
841	272
841	690
841	719
841	750
841	771
841	826
841	878
842	8
842	19
842	168
842	432
842	539
842	627
842	707
842	780
842	796
842	938
843	23
843	32
843	60
843	392
843	421
843	438
843	612
843	710
843	748
843	992
844	35
844	66
844	97
844	154
844	302
844	458
844	520
844	698
844	898
844	916
845	137
845	217
845	309
845	342
845	388
845	526
845	617
845	673
845	876
845	923
846	117
846	186
846	262
846	385
846	441
846	494
846	504
846	516
846	629
846	762
847	18
847	56
847	116
847	196
847	438
847	550
847	574
847	756
847	782
847	937
848	22
848	70
848	442
848	558
848	560
848	672
848	727
848	757
848	789
848	903
849	61
849	64
849	201
849	288
849	466
849	497
849	501
849	701
849	801
849	913
850	164
850	220
850	351
850	476
850	642
850	671
850	832
850	941
850	943
850	1000
851	271
851	335
851	396
851	403
851	406
851	610
851	741
851	919
851	927
851	936
852	98
852	99
852	194
852	306
852	515
852	609
852	742
852	798
852	939
852	970
853	156
853	187
853	198
853	404
853	456
853	508
853	597
853	780
853	872
853	938
854	27
854	99
854	228
854	380
854	484
854	499
854	523
854	524
854	584
854	679
855	141
855	191
855	377
855	381
855	564
855	578
855	579
855	683
855	684
855	893
856	274
856	410
856	636
856	716
856	729
856	731
856	822
856	888
856	904
856	990
857	26
857	48
857	65
857	266
857	453
857	502
857	544
857	633
857	772
857	984
858	35
858	161
858	165
858	208
858	458
858	520
858	657
858	698
858	931
858	993
859	173
859	287
859	412
859	453
859	586
859	600
859	669
859	836
859	866
859	874
860	262
860	277
860	336
860	350
860	357
860	411
860	498
860	501
860	553
860	875
861	80
861	93
861	164
861	220
861	459
861	475
861	529
861	546
861	562
861	872
862	82
862	151
862	206
862	215
862	230
862	250
862	418
862	522
862	736
862	740
863	26
863	83
863	173
863	287
863	437
863	444
863	454
863	586
863	770
863	896
864	7
864	182
864	221
864	306
864	314
864	647
864	661
864	816
864	839
864	952
865	196
865	304
865	445
865	447
865	473
865	506
865	730
865	890
865	948
865	965
866	120
866	155
866	233
866	393
866	398
866	436
866	502
866	665
866	859
866	967
867	45
867	109
867	144
867	153
867	241
867	575
867	889
867	896
867	903
867	966
868	18
868	56
868	339
868	367
868	574
868	710
868	884
868	890
868	926
868	965
869	200
869	215
869	230
869	389
869	463
869	573
869	590
869	591
869	767
869	912
870	47
870	75
870	118
870	171
870	237
870	252
870	259
870	497
870	719
870	764
871	195
871	330
871	448
871	556
871	569
871	647
871	773
871	816
871	925
871	955
872	127
872	207
872	459
872	711
872	719
872	726
872	853
872	861
872	901
872	949
873	79
873	192
873	342
873	407
873	408
873	423
873	639
873	755
873	833
873	973
874	60
874	142
874	432
874	444
874	472
874	538
874	568
874	815
874	859
874	955
875	148
875	246
875	385
875	387
875	428
875	429
875	465
875	587
875	860
875	966
876	70
876	80
876	399
876	408
876	433
876	648
876	739
876	777
876	824
876	845
877	171
877	236
877	378
877	380
877	446
877	547
877	588
877	676
877	743
877	939
878	164
878	199
878	226
878	301
878	341
878	386
878	510
878	694
878	771
878	841
879	25
879	78
879	134
879	198
879	369
879	400
879	572
879	599
879	807
879	821
880	17
880	127
880	164
880	375
880	415
880	465
880	608
880	719
880	949
880	1000
881	82
881	145
881	325
881	333
881	378
881	403
881	440
881	485
881	691
881	741
882	51
882	98
882	171
882	232
882	518
882	532
882	543
882	549
882	803
882	827
883	87
883	94
883	100
883	146
883	419
883	506
883	662
883	676
883	688
883	730
884	39
884	116
884	196
884	296
884	339
884	392
884	695
884	732
884	756
884	868
885	144
885	241
885	311
885	350
885	411
885	429
885	494
885	680
885	709
885	944
886	129
886	136
886	147
886	166
886	233
886	306
886	397
886	448
886	836
886	898
887	161
887	254
887	297
887	357
887	479
887	576
887	666
887	760
887	908
887	931
888	236
888	298
888	361
888	402
888	492
888	735
888	758
888	803
888	856
888	904
889	424
889	465
889	482
889	498
889	504
889	629
889	678
889	819
889	867
889	969
890	18
890	60
890	94
890	313
890	461
890	732
890	751
890	865
890	868
890	948
891	86
891	420
891	495
891	541
891	548
891	715
891	774
891	794
891	802
891	915
892	68
892	74
892	83
892	101
892	129
892	155
892	318
892	397
892	544
892	912
893	82
893	121
893	122
893	175
893	263
893	451
893	589
893	817
893	855
893	999
894	130
894	255
894	395
894	551
894	602
894	638
894	686
894	808
894	906
894	907
895	70
895	137
895	217
895	328
895	528
895	641
895	646
895	763
895	971
895	977
896	11
896	109
896	277
896	350
896	401
896	652
896	709
896	831
896	863
896	867
897	10
897	44
897	98
897	143
897	265
897	416
897	616
897	753
897	798
897	812
898	120
898	132
898	278
898	305
898	318
898	783
898	806
898	844
898	886
898	952
899	50
899	76
899	90
899	229
899	238
899	255
899	276
899	417
899	919
899	979
900	199
900	219
900	261
900	301
900	405
900	476
900	529
900	642
900	793
900	840
901	80
901	127
901	199
901	529
901	627
901	694
901	750
901	771
901	832
901	872
902	46
902	109
902	153
902	186
902	234
902	424
902	465
902	575
902	709
902	969
903	102
903	368
903	434
903	491
903	507
903	535
903	613
903	673
903	848
903	867
904	169
904	394
904	477
904	584
904	659
904	753
904	835
904	856
904	888
904	958
905	1
905	221
905	245
905	315
905	330
905	470
905	669
905	806
905	925
905	977
906	73
906	75
906	402
906	509
906	537
906	588
906	658
906	753
906	827
906	894
907	71
907	130
907	191
907	224
907	360
907	524
907	531
907	536
907	584
907	894
908	204
908	223
908	286
908	334
908	426
908	533
908	666
908	755
908	830
908	887
909	205
909	214
909	244
909	281
909	384
909	443
909	527
909	682
909	928
909	996
910	370
910	408
910	435
910	561
910	641
910	648
910	706
910	757
910	797
910	973
911	42
911	77
911	286
911	302
911	426
911	458
911	469
911	624
911	736
911	769
912	227
912	378
912	440
912	463
912	481
912	555
912	741
912	746
912	869
912	892
913	89
913	168
913	169
913	187
913	456
913	496
913	594
913	635
913	784
913	849
914	6
914	43
914	174
914	178
914	208
914	219
914	257
914	578
914	695
914	972
915	79
915	192
915	442
915	613
915	639
915	648
915	654
915	757
915	891
915	981
916	42
916	204
916	334
916	452
916	533
916	657
916	736
916	785
916	844
916	976
917	29
917	68
917	101
917	140
917	289
917	398
917	518
917	666
917	922
917	998
918	96
918	181
918	363
918	422
918	579
918	684
918	700
918	720
918	828
918	920
919	53
919	126
919	229
919	443
919	449
919	611
919	772
919	786
919	851
919	899
920	225
920	355
920	366
920	460
920	589
920	606
920	697
920	804
920	918
920	968
921	8
921	14
921	113
921	160
921	404
921	417
921	619
921	784
921	814
921	950
922	112
922	283
922	331
922	436
922	448
922	502
922	640
922	770
922	917
922	937
923	362
923	435
923	593
923	625
923	682
923	713
923	721
923	775
923	845
923	979
924	24
924	33
924	177
924	190
924	270
924	462
924	498
924	548
924	660
924	802
925	68
925	239
925	289
925	306
925	331
925	631
925	634
925	871
925	905
925	952
926	57
926	206
926	244
926	333
926	416
926	485
926	628
926	778
926	820
926	868
927	50
927	82
927	91
927	184
927	522
927	618
927	691
927	778
927	823
927	851
928	90
928	214
928	417
928	435
928	500
928	675
928	713
928	909
928	978
928	982
929	82
929	105
929	112
929	303
929	335
929	358
929	381
929	396
929	557
929	674
930	116
930	167
930	372
930	419
930	506
930	612
930	620
930	738
930	751
930	756
931	85
931	140
931	204
931	254
931	334
931	353
931	458
931	567
931	858
931	887
932	22
932	66
932	347
932	383
932	507
932	525
932	541
932	598
932	705
932	797
933	144
933	267
933	294
933	421
933	422
933	587
933	728
933	787
933	813
933	966
934	53
934	107
934	139
934	229
934	255
934	443
934	500
934	585
934	805
934	829
935	27
935	37
935	71
935	480
935	515
935	524
935	549
935	747
935	781
935	826
936	303
936	332
936	333
936	338
936	406
936	416
936	464
936	741
936	811
936	851
937	54
937	95
937	339
937	400
937	419
937	761
937	847
937	922
937	957
937	992
938	36
938	124
938	156
938	198
938	243
938	354
938	379
938	530
938	842
938	853
939	328
939	337
939	446
939	527
939	571
939	581
939	584
939	753
939	852
939	877
940	4
940	143
940	236
940	361
940	409
940	423
940	493
940	547
940	584
940	837
941	16
941	84
941	459
941	537
941	596
941	608
941	642
941	668
941	726
941	850
942	23
942	56
942	87
942	94
942	138
942	367
942	535
942	630
942	649
942	748
943	17
943	63
943	67
943	149
943	219
943	690
943	750
943	771
943	826
943	850
944	55
944	167
944	185
944	218
944	234
944	411
944	448
944	587
944	831
944	885
945	23
945	60
945	258
945	419
945	438
945	447
945	649
945	654
945	761
945	957
946	46
946	81
946	108
946	334
946	545
946	621
946	666
946	708
946	954
946	976
947	50
947	90
947	320
947	362
947	365
947	611
947	713
947	721
947	781
947	994
948	159
948	304
948	505
948	620
948	649
948	710
948	761
948	865
948	890
948	986
949	16
949	386
949	415
949	459
949	475
949	694
949	872
949	880
949	953
949	956
950	13
950	14
950	61
950	108
950	288
950	501
950	668
950	821
950	921
950	989
951	205
951	231
951	417
951	449
951	611
951	625
951	675
951	732
951	805
951	994
952	152
952	189
952	264
952	631
952	702
952	783
952	864
952	898
952	925
952	983
953	24
953	79
953	192
953	433
953	626
953	757
953	797
953	802
953	949
953	971
954	302
954	334
954	576
954	582
954	708
954	738
954	760
954	769
954	946
954	993
955	38
955	120
955	142
955	153
955	453
955	488
955	725
955	871
955	874
955	961
956	49
956	207
956	219
956	351
956	546
956	642
956	668
956	690
956	832
956	949
957	23
957	39
957	60
957	275
957	373
957	645
957	782
957	796
957	937
957	945
958	337
958	380
958	446
958	467
958	497
958	509
958	676
958	834
958	836
958	904
959	257
959	263
959	377
959	452
959	508
959	564
959	577
959	615
959	689
959	838
960	57
960	418
960	440
960	542
960	656
960	714
960	764
960	985
960	988
960	991
961	7
961	106
961	221
961	287
961	326
961	502
961	661
961	770
961	955
961	980
962	89
962	160
962	337
962	539
962	619
962	650
962	724
962	749
962	821
962	989
963	43
963	263
963	364
963	377
963	490
963	553
963	578
963	683
963	717
963	766
964	151
964	227
964	244
964	352
964	418
964	610
964	674
964	973
964	988
964	991
965	15
965	23
965	87
965	375
965	505
965	506
965	630
965	756
965	865
965	868
966	167
966	277
966	308
966	421
966	583
966	711
966	762
966	867
966	875
966	933
967	189
967	264
967	398
967	514
967	607
967	633
967	693
967	788
967	836
967	866
968	3
968	43
968	70
968	96
968	247
968	578
968	776
968	828
968	920
968	986
969	40
969	123
969	128
969	366
969	385
969	429
969	708
969	728
969	889
969	902
970	143
970	202
970	259
970	321
970	409
970	552
970	609
970	798
970	835
970	852
971	197
971	218
971	279
971	340
971	560
971	565
971	639
971	794
971	895
971	953
972	43
972	106
972	163
972	355
972	363
972	452
972	659
972	717
972	817
972	914
973	22
973	114
973	462
973	535
973	626
973	715
973	727
973	873
973	910
973	964
974	191
974	257
974	564
974	577
974	589
974	661
974	683
974	700
974	717
974	986
975	29
975	48
975	73
975	182
975	264
975	271
975	289
975	455
975	607
975	664
976	47
976	85
976	297
976	533
976	545
976	716
976	769
976	818
976	916
976	946
977	70
977	310
977	408
977	433
977	507
977	626
977	737
977	839
977	895
977	905
978	232
978	273
978	523
978	524
978	601
978	644
978	679
978	753
978	834
978	928
979	126
979	317
979	365
979	443
979	538
979	713
979	721
979	723
979	899
979	923
980	132
980	136
980	231
980	264
980	412
980	538
980	603
980	664
980	725
980	961
981	34
981	170
981	217
981	313
981	370
981	408
981	491
981	507
981	692
981	915
982	231
982	273
982	365
982	449
982	593
982	675
982	723
982	805
982	829
982	928
983	136
983	163
983	233
983	248
983	305
983	384
983	669
983	702
983	783
983	952
984	38
984	74
984	331
984	362
984	444
984	454
984	603
984	631
984	665
984	857
985	57
985	211
985	338
985	343
985	378
985	464
985	645
985	691
985	840
985	960
986	174
986	251
986	263
986	325
986	364
986	377
986	653
986	948
986	968
986	974
987	31
987	119
987	153
987	246
987	267
987	336
987	583
987	678
987	709
987	819
988	28
988	335
988	338
988	342
988	358
988	464
988	566
988	628
988	960
988	964
989	25
989	61
989	168
989	213
989	288
989	359
989	594
989	807
989	950
989	962
990	37
990	337
990	365
990	446
990	532
990	616
990	658
990	731
990	827
990	856
991	26
991	145
991	303
991	481
991	591
991	655
991	767
991	778
991	960
991	964
992	249
992	304
992	372
992	438
992	461
992	618
992	645
992	761
992	843
992	937
993	35
993	161
993	356
993	469
993	545
993	567
993	624
993	628
993	858
993	954
994	50
994	53
994	67
994	107
994	417
994	609
994	682
994	786
994	947
994	951
995	6
995	150
995	174
995	178
995	208
995	324
995	364
995	595
995	689
995	695
996	67
996	238
996	255
996	527
996	611
996	718
996	772
996	775
996	793
996	909
997	130
997	171
997	203
997	285
997	323
997	360
997	590
997	733
997	747
997	822
998	1
998	7
998	41
998	162
998	182
998	287
998	503
998	770
998	800
998	917
999	92
999	166
999	172
999	390
999	564
999	717
999	776
999	828
999	830
999	893
1000	5
1000	351
1000	457
1000	540
1000	546
1000	759
1000	799
1000	832
1000	850
1000	880
